$ 1 0.000005 10.20027730826997 50 5 50 5e-11
r 496 576 496 432 0 2000
w 496 432 608 432 0
r 608 432 720 432 0 1000
r 720 432 832 432 0 1000
r 944 432 944 576 0 2000
r 832 432 944 432 0 1000
S 608 576 608 688 0 0 false 0 2
S 720 576 720 688 0 0 false 0 2
S 832 576 832 688 0 0 false 0 2
S 944 576 944 688 0 0 false 0 2
w 624 688 624 752 0
w 736 688 736 752 0
w 848 688 848 752 0
w 960 688 960 752 0
w 960 752 848 752 0
w 848 752 736 752 0
w 736 752 624 752 0
g 1104 752 1104 816 0 0
g 496 576 496 608 0 0
v 528 784 528 688 0 0 40 5 0 0 0.5
w 528 688 592 688 0
w 592 688 704 688 0
w 704 688 816 688 0
w 816 688 928 688 0
g 528 784 528 816 0 0
a 1104 448 1280 448 8 15 -15 1000000 -1.050846235808782e-30 0 100000
r 944 432 1104 432 0 2000
w 1104 464 1104 752 0
w 1104 752 960 752 0
w 1104 432 1104 320 0
r 1104 320 1280 320 0 3000
w 1280 320 1280 448 0
g 1440 480 1440 544 0 0
r 832 432 832 576 0 2000
r 720 432 720 576 0 2000
r 608 432 608 576 0 2000
a 1440 464 1632 464 8 15 -15 1000000 1.050828345834612e-30 0 100000
r 1344 448 1440 448 0 1000
w 1440 448 1440 368 0
r 1440 368 1632 368 0 1000
w 1632 368 1632 464 0
w 1632 464 1696 464 0
p 1696 464 1696 544 3 0 0
g 1696 544 1696 608 0 0
w 1280 448 1344 448 0
x 1450 268 1662 298 4 24 opamp\sinvertente\\na\sguadagno\sunitario
403 1536 512 1664 576 0 42_64_0_12290_0.0001_0.0001_-1_1
403 352 704 480 768 0 19_64_0_4099_5_0.003125_-1_2_19_3
a 1888 480 2032 480 8 15 -15 1000000 1.1843998736108847e-14 0 100000
r 1888 416 2032 416 0 1000
c 2032 368 1888 368 0 0.000001 -1.1844117176096208e-9 0.001
w 1888 368 1888 416 0
w 1888 416 1888 464 0
w 2032 368 2032 416 0
w 2032 416 2032 480 0
r 1888 464 1792 464 0 1000
g 1888 496 1888 576 0 0
w 2032 480 2096 480 0
w 1792 464 1696 464 0
x 1886 258 2363 288 4 24 Filtro\spassa\sbasso\\nha\scome\seffetto\squello\sdi\seliminare\sgli\simpulsi
x 2362 342 2574 372 4 24 opamp\sinvertente\\na\sguadagno\sunitario
g 2448 576 2448 640 0 0
p 2448 496 2448 576 3 0 0
w 2384 496 2448 496 0
w 2384 400 2384 496 0
r 2192 400 2384 400 0 1000
w 2192 480 2192 400 0
r 2096 480 2192 480 0 1000
a 2192 496 2384 496 8 15 -15 1000000 -1.184376186087163e-14 0 100000
g 2192 512 2192 576 0 0
403 2496 512 2624 576 0 62_64_0_4098_2.5_0.1_-1_1
x 1403 -112 1516 -109 4 24 hello
o 42 64 0 4098 5 0.1 0 1
o 62 64 0 4098 5 0.1 1 1
