$ 1 0.000005 10.20027730826997 50 5 50 5e-11
v 480 416 480 496 0 0 40 4 0 0 0.5
r 480 496 480 576 0 1000
r 480 576 480 656 0 1000
r 480 656 480 736 0 1000
r 480 736 480 816 0 1000
r 480 816 480 896 0 1000
w 480 576 592 576 0
w 480 656 592 656 0
w 480 736 592 736 0
w 480 816 592 816 0
w 480 896 592 896 0
g 480 416 480 368 0 0
w 480 976 592 976 0
r 480 896 480 976 0 1000
w 480 1056 592 1056 0
r 480 976 480 1056 0 1000
w 480 1136 592 1136 0
r 480 1056 480 1136 0 1000
g 480 1136 480 1184 0 0
401 592 592 752 592 1 8\s15\s-15\s1000000\s2\s3.4999999999999996\s100000 0\s20\s10000000000 1\s0
w 592 608 560 608 0
w 560 608 560 512 0
v 624 512 560 512 0 0 40 2 0 0 0.5
g 624 512 656 512 0 0
w 592 688 560 688 0
401 592 672 752 672 1 8\s15\s-15\s1000000\s2\s2.999999999999999\s100000 0\s20\s10000000000 1\s0
w 592 768 560 768 0
401 592 752 752 752 1 8\s15\s-15\s1000000\s2\s2.4999999999999982\s100000 0\s20\s10000000000 1\s0
w 592 848 560 848 0
401 592 832 752 832 1 8\s15\s-15\s1000000\s2\s1.9999999999999984\s100000 0\s20\s10000000000 1\s0
w 592 928 560 928 0
401 592 912 752 912 1 8\s15\s-15\s1000000\s2\s1.499999999999999\s100000 0\s20\s10000000000 1\s0
w 592 1008 560 1008 0
401 592 992 752 992 1 8\s15\s-15\s1000000\s2\s0.9999999999999992\s100000 0\s20\s10000000000 1\s0
w 592 1088 560 1088 0
401 592 1072 752 1072 1 8\s15\s-15\s1000000\s2\s0.4999999999999996\s100000 0\s20\s10000000000 1\s0
w 592 1168 560 1168 0
401 592 1152 752 1152 1 8\s15\s-15\s1000000\s2\s0\s100000 0\s20\s10000000000 1\s0
w 560 1168 560 1088 0
w 560 1088 560 1008 0
w 560 1008 560 928 0
w 560 928 560 848 0
w 560 848 560 768 0
w 560 768 560 688 0
w 560 688 560 608 0
p 752 592 864 592 3 0 0
g 864 592 912 592 0 0
g 864 672 912 672 0 0
p 752 672 864 672 3 0 0
g 864 752 912 752 0 0
p 752 752 864 752 3 0 0
g 864 832 912 832 0 0
p 752 832 864 832 3 0 0
g 864 912 912 912 0 0
p 752 912 864 912 3 0 0
g 864 992 912 992 0 0
p 752 992 864 992 3 0 0
g 864 1072 912 1072 0 0
p 752 1072 864 1072 3 0 0
g 864 1152 912 1152 0 0
p 752 1152 864 1152 3 0 0
401 800 1472 960 1472 1 8\s15\s-15\s1000000\s6\s5\s100000 0\s20\s10000000000 1\s0
v 720 1456 800 1456 0 0 40 5 0 0 0.5
w 720 1456 720 1488 0
g 720 1488 720 1536 0 0
p 960 1472 1040 1472 3 0 0
g 1040 1472 1072 1472 0 0
403 1008 1520 1136 1584 0 65_64_0_4098_0.0000762939453125_0.1_-1_1
v 720 1488 800 1488 0 0 40 6 0 0 0.5
