$ 1 0.000005 10.20027730826997 50 5 50 5e-11
v 272 432 384 432 0 0 40 5 0 0 0.5
s 384 432 464 432 0 0 false
g 272 432 208 432 0 0
v 368 576 368 464 0 2 40 2.5 2.5 0 0.5
s 368 464 464 464 0 0 false
193 464 432 544 432 0 5
193 656 400 864 400 0 5
193 848 368 928 368 0 5
193 1040 336 1120 336 0 5
s 560 432 656 432 0 0 false
s 752 400 848 400 0 0 false
s 944 368 1040 368 0 0 false
w 464 432 464 400 0
w 464 400 656 400 0
w 656 400 656 368 0
w 656 368 848 368 0
w 848 368 848 336 0
w 848 336 1040 336 0
p 656 432 656 608 3 0 0
p 848 400 848 608 3 0 0
p 1040 368 1040 608 3 0 0
p 464 464 464 608 3 0 0
w 464 608 656 608 0
w 656 608 848 608 0
w 848 608 1040 608 0
w 464 608 368 608 0
w 368 608 368 576 0
g 368 608 368 640 0 0
403 416 624 544 688 0 21_64_0_4098_5_0.1_-1_1
403 592 624 720 688 0 18_64_0_4098_5_0.1_-1_1
403 784 624 912 688 0 19_64_0_4098_5_0.1_-1_1
403 976 624 1104 688 0 20_64_0_4098_5_0.1_-1_1
o 20 64 0 4098 5 0.1 0 1
