$ 1 0.000005 10.20027730826997 50 5 50 5e-11
z 496 288 496 384 2 default-zener
v 384 384 384 288 0 1 40 50 0 0 0.5
r 384 288 496 288 0 1000
w 384 384 496 384 0
w 496 384 592 384 0
w 496 288 592 288 0
p 592 288 592 384 3 0 0
403 720 304 848 368 0 6_64_0_4098_10_0.1_-1_1
p 592 544 592 640 3 0 0
w 496 544 592 544 0
r 384 544 496 544 0 1000
v 384 640 384 544 0 1 40 10 0 0 0.5
z 496 592 496 544 2 default-zener
d 496 592 496 640 2 default
w 496 640 384 640 0
w 496 640 592 640 0
403 640 592 768 656 0 8_64_0_4098_10_0.1_-1_1
o 6 64 0 4098 10 0.1 0 1
o 8 64 0 4098 40 0.1 1 1
