$ 1 0.000005 10.20027730826997 50 5 50 5e-11
s 592 400 704 400 0 1 false
w 704 400 848 400 0
g 496 400 464 400 0 0
r 704 400 704 480 0 0.1
c 704 480 704 560 0 0.00009999999999999999 0.001 0.001
g 704 560 704 608 0 0
v 496 400 592 400 0 1 40 5 0 0 0.5
w 848 400 928 400 0
g 928 464 928 560 0 0
p 928 400 928 464 3 0 0
403 736 416 864 480 0 3_64_0_4099_0.0000762939453125_0.00009765625_-1_2_3_3
403 1008 416 1136 480 0 9_64_0_4098_0.0048828125_0.1_-1_1
403 496 416 624 480 0 6_64_0_4099_5_0.00009765625_-1_2_6_3
a 480 832 656 832 8 15 -15 1000000 -4.820243378320607 -4.820291581236415 100000
w 480 736 480 816 0
w 656 832 704 832 0
s 704 832 800 832 0 0 false
w 800 832 864 832 0
r 864 832 864 928 0 0.001
c 864 928 864 1008 0 0.00009999999999999999 -4.82032496539555 0.001
g 864 1008 864 1072 0 0
a 992 816 1200 816 8 15 -15 1000000 -4.820243378320607 -4.8202915807543905 100000
w 1200 816 1200 736 0
w 1200 736 992 736 0
w 992 736 992 800 0
w 1200 816 1264 816 0
g 1264 864 1264 928 0 0
p 1264 816 1264 864 3 0 0
w 992 832 864 832 0
v 368 848 480 848 0 1 40 5 0 0 0.5
g 368 848 368 912 0 0
403 1360 816 1488 880 0 27_64_0_4098_20_0.1_-1_1
403 416 896 544 960 0 29_64_0_4099_5_0.00009765625_-1_2_29_3
x 1196 299 1585 356 4 24 prima\sversione,\snon\sva\sbene\sperchè\s\\nil\scondensatore\ssi\scarica\slentamente\\n\se\ssi\sscarica\svelocemente
x 1479 703 2181 733 4 24 questa\sversione\sè\sok\sperchè\sc'è\suna\sbassa\simpedenza\sin\singresso\\n\sed\sun'alta\simpedenza\sin\suscita.
x 1795 491 1908 494 4 24 hello
s 480 736 592 736 0 0 false
w 592 736 640 736 0
w 704 736 992 736 0
w 704 736 640 736 0
